#app rate good put   loss
99.5138   15.9591   16.174
69.3581   15.9591   23.2064
53.2283   15.9591   30.2383
43.1853   15.9591   37.2704
36.3305   15.9591   44.303
31.3537   15.9591   51.3341
27.5761   15.9591   58.3668
24.611   15.9591   65.3988
22.2215   15.9591   72.4303
20.255   15.9591   79.4604
18.6083   15.9591   86.491
17.2092   15.9591   93.5266
16.0057   15.7951   99.5272
14.9596   14.7628   99.5223
14.0418   13.8583   99.531
10.2638   10.129   99.5222
8.0877   7.98232   99.5322
6.67294   6.58594   99.538
4.87328   4.81024   99.54
3.83815   3.789   99.5619
3.16572   3.12549   99.5133
2.41013   2.37969   99.5349
1.94572   1.92139   99.496
1.63137   1.61102   99.485
1.40447   1.38723   99.5015
