% time	cellId	IMSI	frame	sframe	RNTI	mcsTb1	sizeTb1	mcsTb2	sizeTb2
0.021	1	8	3	2	1	0	81	0	0
0.022	1	10	3	3	2	0	81	0	0
0.023	1	7	3	4	3	0	81	0	0
0.024	1	9	3	5	4	0	81	0	0
0.025	1	8	3	6	1	0	81	0	0
0.026	1	5	3	7	14	0	81	0	0
0.027	1	6	3	8	15	0	81	0	0
0.028	1	4	3	9	16	0	81	0	0
0.029	1	13	3	10	17	0	81	0	0
0.03	1	10	4	1	2	8	421	0	0
0.031	1	7	4	2	3	8	421	0	0
0.032	1	1	4	3	21	0	81	0	0
0.033	1	2	4	4	22	0	81	0	0
0.034	1	11	4	5	23	0	81	0	0
0.035	1	3	4	6	24	0	81	0	0
0.036	1	9	4	7	4	8	421	0	0
0.037	1	5	4	8	14	8	421	0	0
0.038	1	14	4	9	28	0	81	0	0
0.039	1	12	4	10	29	0	81	0	0
0.04	1	15	5	1	30	0	81	0	0
0.041	1	6	5	2	15	8	421	0	0
0.042	1	4	5	3	16	8	421	0	0
0.043	1	13	5	4	17	8	421	0	0
0.044	1	1	5	5	21	8	421	0	0
0.045	1	2	5	6	22	8	421	0	0
0.046	1	11	5	7	23	8	421	0	0
0.047	1	3	5	8	24	8	421	0	0
0.048	1	14	5	9	28	8	421	0	0
0.049	1	12	5	10	29	8	421	0	0
0.05	1	15	6	1	30	8	421	0	0
0.051	1	8	6	2	1	8	421	0	0
0.052	1	10	6	3	2	8	421	0	0
0.053	1	7	6	4	3	8	421	0	0
0.054	1	9	6	5	4	8	421	0	0
0.055	1	5	6	6	14	8	421	0	0
0.056	1	6	6	7	15	8	421	0	0
0.057	1	4	6	8	16	8	421	0	0
0.058	1	13	6	9	17	8	421	0	0
0.059	1	1	6	10	21	8	421	0	0
0.06	1	2	7	1	22	8	421	0	0
0.061	1	11	7	2	23	8	421	0	0
0.062	1	3	7	3	24	8	421	0	0
0.063	1	14	7	4	28	8	421	0	0
0.064	1	12	7	5	29	8	421	0	0
0.065	1	15	7	6	30	8	421	0	0
0.066	1	8	7	7	1	8	421	0	0
0.067	1	10	7	8	2	8	421	0	0
0.068	1	7	7	9	3	8	421	0	0
0.069	1	9	7	10	4	8	421	0	0
0.07	1	5	8	1	14	8	421	0	0
0.071	1	6	8	2	15	8	421	0	0
0.072	1	4	8	3	16	8	421	0	0
0.073	1	13	8	4	17	8	421	0	0
0.074	1	1	8	5	21	8	421	0	0
0.075	1	2	8	6	22	8	421	0	0
0.076	1	11	8	7	23	8	421	0	0
0.077	1	3	8	8	24	8	421	0	0
0.078	1	14	8	9	28	8	421	0	0
0.079	1	12	8	10	29	8	421	0	0
0.08	1	15	9	1	30	8	421	0	0
0.081	1	8	9	2	1	8	421	0	0
0.082	1	10	9	3	2	8	421	0	0
0.083	1	7	9	4	3	8	421	0	0
0.084	1	9	9	5	4	8	421	0	0
0.085	1	5	9	6	14	8	421	0	0
0.086	1	6	9	7	15	8	421	0	0
0.087	1	4	9	8	16	8	421	0	0
0.088	1	13	9	9	17	8	421	0	0
0.089	1	1	9	10	21	8	421	0	0
0.09	1	2	10	1	22	8	421	0	0
0.091	1	11	10	2	23	8	421	0	0
0.092	1	3	10	3	24	8	421	0	0
0.093	1	14	10	4	28	8	421	0	0
0.094	1	12	10	5	29	8	421	0	0
0.095	1	15	10	6	30	8	421	0	0
0.096	1	8	10	7	1	8	421	0	0
0.097	1	10	10	8	2	8	421	0	0
0.098	1	7	10	9	3	8	421	0	0
0.099	1	9	10	10	4	8	421	0	0
0.1	1	5	11	1	14	8	421	0	0
0.101	1	6	11	2	15	8	421	0	0
0.102	1	4	11	3	16	8	421	0	0
0.103	1	13	11	4	17	8	421	0	0
0.104	1	1	11	5	21	8	421	0	0
0.105	1	2	11	6	22	8	421	0	0
0.106	1	11	11	7	23	8	421	0	0
0.107	1	3	11	8	24	8	421	0	0
0.108	1	14	11	9	28	8	421	0	0
0.109	1	12	11	10	29	8	421	0	0
0.11	1	15	12	1	30	8	421	0	0
0.111	1	8	12	2	1	8	421	0	0
0.112	1	10	12	3	2	8	421	0	0
0.113	1	7	12	4	3	8	421	0	0
0.114	1	9	12	5	4	8	421	0	0
0.115	1	5	12	6	14	8	421	0	0
0.116	1	6	12	7	15	8	421	0	0
0.117	1	4	12	8	16	8	421	0	0
0.118	1	13	12	9	17	8	421	0	0
0.119	1	1	12	10	21	8	421	0	0
0.12	1	2	13	1	22	8	421	0	0
0.121	1	11	13	2	23	8	421	0	0
0.122	1	3	13	3	24	8	421	0	0
0.123	1	14	13	4	28	8	421	0	0
0.124	1	12	13	5	29	8	421	0	0
0.125	1	15	13	6	30	8	421	0	0
0.126	1	8	13	7	1	8	421	0	0
0.127	1	10	13	8	2	8	421	0	0
0.128	1	7	13	9	3	8	421	0	0
0.129	1	9	13	10	4	8	421	0	0
0.13	1	5	14	1	14	8	421	0	0
0.131	1	6	14	2	15	8	421	0	0
0.132	1	4	14	3	16	8	421	0	0
0.133	1	13	14	4	17	8	421	0	0
0.134	1	1	14	5	21	8	421	0	0
0.135	1	2	14	6	22	8	421	0	0
0.136	1	11	14	7	23	8	421	0	0
0.137	1	3	14	8	24	8	421	0	0
0.138	1	14	14	9	28	8	421	0	0
0.139	1	12	14	10	29	8	421	0	0
0.14	1	15	15	1	30	8	421	0	0
0.141	1	8	15	2	1	8	421	0	0
0.142	1	10	15	3	2	8	421	0	0
0.143	1	7	15	4	3	8	421	0	0
0.144	1	9	15	5	4	8	421	0	0
0.145	1	5	15	6	14	8	421	0	0
0.146	1	6	15	7	15	8	421	0	0
0.147	1	4	15	8	16	8	421	0	0
0.148	1	13	15	9	17	8	421	0	0
0.149	1	1	15	10	21	8	421	0	0
0.15	1	2	16	1	22	8	421	0	0
0.151	1	11	16	2	23	8	421	0	0
0.152	1	3	16	3	24	8	421	0	0
0.153	1	14	16	4	28	8	421	0	0
0.154	1	12	16	5	29	8	421	0	0
0.155	1	15	16	6	30	8	421	0	0
0.156	1	8	16	7	1	8	421	0	0
0.157	1	10	16	8	2	8	421	0	0
0.158	1	7	16	9	3	8	421	0	0
0.159	1	9	16	10	4	8	421	0	0
0.16	1	5	17	1	14	8	421	0	0
0.161	1	6	17	2	15	8	421	0	0
0.162	1	4	17	3	16	8	421	0	0
0.163	1	13	17	4	17	8	421	0	0
0.164	1	1	17	5	21	8	421	0	0
0.165	1	2	17	6	22	8	421	0	0
0.166	1	11	17	7	23	8	421	0	0
0.167	1	3	17	8	24	8	421	0	0
0.168	1	14	17	9	28	8	421	0	0
0.169	1	12	17	10	29	8	421	0	0
0.17	1	15	18	1	30	8	421	0	0
0.171	1	8	18	2	1	8	421	0	0
0.172	1	10	18	3	2	8	421	0	0
0.173	1	7	18	4	3	8	421	0	0
0.174	1	9	18	5	4	8	421	0	0
0.175	1	5	18	6	14	8	421	0	0
0.176	1	6	18	7	15	8	421	0	0
0.177	1	4	18	8	16	8	421	0	0
0.178	1	13	18	9	17	8	421	0	0
0.179	1	1	18	10	21	8	421	0	0
0.18	1	2	19	1	22	8	421	0	0
0.181	1	11	19	2	23	8	421	0	0
0.182	1	3	19	3	24	8	421	0	0
0.183	1	14	19	4	28	8	421	0	0
0.184	1	12	19	5	29	8	421	0	0
0.185	1	15	19	6	30	8	421	0	0
0.186	1	8	19	7	1	8	421	0	0
0.187	1	10	19	8	2	8	421	0	0
0.188	1	7	19	9	3	8	421	0	0
0.189	1	9	19	10	4	8	421	0	0
0.19	1	5	20	1	14	8	421	0	0
0.191	1	6	20	2	15	8	421	0	0
0.192	1	4	20	3	16	8	421	0	0
0.193	1	13	20	4	17	8	421	0	0
0.194	1	1	20	5	21	8	421	0	0
0.195	1	2	20	6	22	8	421	0	0
0.196	1	11	20	7	23	8	421	0	0
0.197	1	3	20	8	24	8	421	0	0
0.198	1	14	20	9	28	8	421	0	0
0.199	1	12	20	10	29	8	421	0	0
0.2	1	15	21	1	30	8	421	0	0
0.201	1	8	21	2	1	8	421	0	0
0.202	1	10	21	3	2	8	421	0	0
0.203	1	7	21	4	3	8	421	0	0
0.204	1	9	21	5	4	8	421	0	0
0.205	1	5	21	6	14	8	421	0	0
0.206	1	6	21	7	15	8	421	0	0
0.207	1	4	21	8	16	8	421	0	0
0.208	1	13	21	9	17	8	421	0	0
0.209	1	1	21	10	21	8	421	0	0
0.21	1	2	22	1	22	8	421	0	0
0.211	1	11	22	2	23	8	421	0	0
0.212	1	3	22	3	24	8	421	0	0
0.213	1	14	22	4	28	8	421	0	0
0.214	1	12	22	5	29	8	421	0	0
0.215	1	15	22	6	30	8	421	0	0
0.216	1	8	22	7	1	8	421	0	0
0.217	1	10	22	8	2	8	421	0	0
0.218	1	7	22	9	3	8	421	0	0
0.219	1	9	22	10	4	8	421	0	0
0.22	1	5	23	1	14	8	421	0	0
0.221	1	6	23	2	15	8	421	0	0
0.222	1	4	23	3	16	8	421	0	0
0.223	1	13	23	4	17	8	421	0	0
0.224	1	1	23	5	21	8	421	0	0
0.225	1	2	23	6	22	8	421	0	0
0.226	1	11	23	7	23	8	421	0	0
0.227	1	3	23	8	24	8	421	0	0
0.228	1	14	23	9	28	8	421	0	0
0.229	1	12	23	10	29	8	421	0	0
0.23	1	15	24	1	30	8	421	0	0
0.231	1	8	24	2	1	8	421	0	0
0.232	1	10	24	3	2	8	421	0	0
0.233	1	7	24	4	3	8	421	0	0
0.234	1	9	24	5	4	8	421	0	0
0.235	1	5	24	6	14	8	421	0	0
0.236	1	6	24	7	15	8	421	0	0
0.237	1	4	24	8	16	8	421	0	0
0.238	1	13	24	9	17	8	421	0	0
0.239	1	1	24	10	21	8	421	0	0
0.24	1	2	25	1	22	8	421	0	0
0.241	1	11	25	2	23	8	421	0	0
0.242	1	3	25	3	24	8	421	0	0
0.243	1	14	25	4	28	8	421	0	0
0.244	1	12	25	5	29	8	421	0	0
0.245	1	15	25	6	30	8	421	0	0
0.246	1	8	25	7	1	8	421	0	0
0.247	1	10	25	8	2	8	421	0	0
0.248	1	7	25	9	3	8	421	0	0
0.249	1	9	25	10	4	8	421	0	0
0.25	1	5	26	1	14	8	421	0	0
0.251	1	6	26	2	15	8	421	0	0
0.252	1	4	26	3	16	8	421	0	0
0.253	1	13	26	4	17	8	421	0	0
0.254	1	1	26	5	21	8	421	0	0
0.255	1	2	26	6	22	8	421	0	0
0.256	1	11	26	7	23	8	421	0	0
0.257	1	3	26	8	24	8	421	0	0
0.258	1	14	26	9	28	8	421	0	0
0.259	1	12	26	10	29	8	421	0	0
0.26	1	15	27	1	30	8	421	0	0
0.261	1	8	27	2	1	8	421	0	0
0.262	1	10	27	3	2	8	421	0	0
0.263	1	7	27	4	3	8	421	0	0
0.264	1	9	27	5	4	8	421	0	0
0.265	1	5	27	6	14	8	421	0	0
0.266	1	6	27	7	15	8	421	0	0
0.267	1	4	27	8	16	8	421	0	0
0.268	1	13	27	9	17	8	421	0	0
0.269	1	1	27	10	21	8	421	0	0
0.27	1	2	28	1	22	8	421	0	0
0.271	1	11	28	2	23	8	421	0	0
0.272	1	3	28	3	24	8	421	0	0
0.273	1	14	28	4	28	8	421	0	0
0.274	1	12	28	5	29	8	421	0	0
0.275	1	15	28	6	30	8	421	0	0
0.276	1	8	28	7	1	8	421	0	0
0.277	1	10	28	8	2	8	421	0	0
0.278	1	7	28	9	3	8	421	0	0
0.279	1	9	28	10	4	8	421	0	0
0.28	1	5	29	1	14	8	421	0	0
0.281	1	6	29	2	15	8	421	0	0
0.282	1	4	29	3	16	8	421	0	0
0.283	1	13	29	4	17	8	421	0	0
0.284	1	1	29	5	21	8	421	0	0
0.285	1	2	29	6	22	8	421	0	0
0.286	1	11	29	7	23	8	421	0	0
0.287	1	3	29	8	24	8	421	0	0
0.288	1	14	29	9	28	8	421	0	0
0.289	1	12	29	10	29	8	421	0	0
0.29	1	15	30	1	30	8	421	0	0
0.291	1	8	30	2	1	8	421	0	0
0.292	1	10	30	3	2	8	421	0	0
0.293	1	7	30	4	3	8	421	0	0
0.294	1	9	30	5	4	8	421	0	0
0.295	1	5	30	6	14	8	421	0	0
0.296	1	6	30	7	15	8	421	0	0
0.297	1	4	30	8	16	8	421	0	0
0.298	1	13	30	9	17	8	421	0	0
0.299	1	1	30	10	21	8	421	0	0
0.3	1	2	31	1	22	8	421	0	0
0.301	1	11	31	2	23	8	421	0	0
0.302	1	3	31	3	24	8	421	0	0
0.303	1	14	31	4	28	8	421	0	0
0.304	1	12	31	5	29	8	421	0	0
0.305	1	15	31	6	30	8	421	0	0
0.306	1	8	31	7	1	8	421	0	0
0.307	1	10	31	8	2	8	421	0	0
0.308	1	7	31	9	3	8	421	0	0
0.309	1	9	31	10	4	8	421	0	0
0.31	1	5	32	1	14	8	421	0	0
0.311	1	6	32	2	15	8	421	0	0
0.312	1	4	32	3	16	8	421	0	0
0.313	1	13	32	4	17	8	421	0	0
0.314	1	1	32	5	21	8	421	0	0
0.315	1	2	32	6	22	8	421	0	0
0.316	1	11	32	7	23	8	421	0	0
0.317	1	3	32	8	24	8	421	0	0
0.318	1	14	32	9	28	8	421	0	0
0.319	1	12	32	10	29	8	421	0	0
0.32	1	15	33	1	30	8	421	0	0
0.321	1	8	33	2	1	8	421	0	0
0.322	1	10	33	3	2	8	421	0	0
0.323	1	7	33	4	3	8	421	0	0
0.324	1	9	33	5	4	8	421	0	0
0.325	1	5	33	6	14	8	421	0	0
0.326	1	6	33	7	15	8	421	0	0
0.327	1	4	33	8	16	8	421	0	0
0.328	1	13	33	9	17	8	421	0	0
0.329	1	1	33	10	21	8	421	0	0
0.33	1	2	34	1	22	8	421	0	0
0.331	1	11	34	2	23	8	421	0	0
0.332	1	3	34	3	24	8	421	0	0
0.333	1	14	34	4	28	8	421	0	0
0.334	1	12	34	5	29	8	421	0	0
0.335	1	15	34	6	30	8	421	0	0
0.336	1	8	34	7	1	8	421	0	0
0.337	1	10	34	8	2	8	421	0	0
0.338	1	7	34	9	3	8	421	0	0
0.339	1	9	34	10	4	8	421	0	0
0.34	1	5	35	1	14	8	421	0	0
0.341	1	6	35	2	15	8	421	0	0
0.342	1	4	35	3	16	8	421	0	0
0.343	1	13	35	4	17	8	421	0	0
0.344	1	1	35	5	21	8	421	0	0
0.345	1	2	35	6	22	8	421	0	0
0.346	1	11	35	7	23	8	421	0	0
0.347	1	3	35	8	24	8	421	0	0
0.348	1	14	35	9	28	8	421	0	0
0.349	1	12	35	10	29	8	421	0	0
0.35	1	15	36	1	30	8	421	0	0
0.351	1	8	36	2	1	8	421	0	0
0.352	1	10	36	3	2	8	421	0	0
0.353	1	7	36	4	3	8	421	0	0
0.354	1	9	36	5	4	8	421	0	0
0.355	1	5	36	6	14	8	421	0	0
0.356	1	6	36	7	15	8	421	0	0
0.357	1	4	36	8	16	8	421	0	0
0.358	1	13	36	9	17	8	421	0	0
0.359	1	1	36	10	21	8	421	0	0
0.36	1	2	37	1	22	8	421	0	0
0.361	1	11	37	2	23	8	421	0	0
0.362	1	3	37	3	24	8	421	0	0
0.363	1	14	37	4	28	8	421	0	0
0.364	1	12	37	5	29	8	421	0	0
0.365	1	15	37	6	30	8	421	0	0
0.366	1	8	37	7	1	8	421	0	0
0.367	1	10	37	8	2	8	421	0	0
0.368	1	7	37	9	3	8	421	0	0
0.369	1	9	37	10	4	8	421	0	0
0.37	1	5	38	1	14	8	421	0	0
0.371	1	6	38	2	15	8	421	0	0
0.372	1	4	38	3	16	8	421	0	0
0.373	1	13	38	4	17	8	421	0	0
0.374	1	1	38	5	21	8	421	0	0
0.375	1	2	38	6	22	8	421	0	0
0.376	1	11	38	7	23	8	421	0	0
0.377	1	3	38	8	24	8	421	0	0
0.378	1	14	38	9	28	8	421	0	0
0.379	1	12	38	10	29	8	421	0	0
0.38	1	15	39	1	30	8	421	0	0
0.381	1	8	39	2	1	8	421	0	0
0.382	1	10	39	3	2	8	421	0	0
0.383	1	7	39	4	3	8	421	0	0
0.384	1	9	39	5	4	8	421	0	0
0.385	1	5	39	6	14	8	421	0	0
0.386	1	6	39	7	15	8	421	0	0
0.387	1	4	39	8	16	8	421	0	0
0.388	1	13	39	9	17	8	421	0	0
0.389	1	1	39	10	21	8	421	0	0
0.39	1	2	40	1	22	8	421	0	0
0.391	1	11	40	2	23	8	421	0	0
0.392	1	3	40	3	24	8	421	0	0
0.393	1	14	40	4	28	8	421	0	0
0.394	1	12	40	5	29	8	421	0	0
0.395	1	15	40	6	30	8	421	0	0
0.396	1	8	40	7	1	8	421	0	0
0.397	1	10	40	8	2	8	421	0	0
0.398	1	7	40	9	3	8	421	0	0
0.399	1	9	40	10	4	8	421	0	0
0.4	1	5	41	1	14	8	421	0	0
0.401	1	6	41	2	15	8	421	0	0
0.402	1	4	41	3	16	8	421	0	0
0.403	1	13	41	4	17	8	421	0	0
0.404	1	1	41	5	21	8	421	0	0
0.405	1	2	41	6	22	8	421	0	0
0.406	1	11	41	7	23	8	421	0	0
0.407	1	3	41	8	24	8	421	0	0
0.408	1	14	41	9	28	8	421	0	0
0.409	1	12	41	10	29	8	421	0	0
0.41	1	15	42	1	30	8	421	0	0
0.411	1	8	42	2	1	8	421	0	0
0.412	1	10	42	3	2	8	421	0	0
0.413	1	7	42	4	3	8	421	0	0
0.414	1	9	42	5	4	8	421	0	0
0.415	1	5	42	6	14	8	421	0	0
0.416	1	6	42	7	15	8	421	0	0
0.417	1	4	42	8	16	8	421	0	0
0.418	1	13	42	9	17	8	421	0	0
0.419	1	1	42	10	21	8	421	0	0
0.42	1	2	43	1	22	8	421	0	0
0.421	1	11	43	2	23	8	421	0	0
0.422	1	3	43	3	24	8	421	0	0
0.423	1	14	43	4	28	8	421	0	0
0.424	1	12	43	5	29	8	421	0	0
0.425	1	15	43	6	30	8	421	0	0
0.426	1	8	43	7	1	8	421	0	0
0.427	1	10	43	8	2	8	421	0	0
0.428	1	7	43	9	3	8	421	0	0
0.429	1	9	43	10	4	8	421	0	0
0.43	1	5	44	1	14	8	421	0	0
0.431	1	6	44	2	15	8	421	0	0
0.432	1	4	44	3	16	8	421	0	0
0.433	1	13	44	4	17	8	421	0	0
0.434	1	1	44	5	21	8	421	0	0
0.435	1	2	44	6	22	8	421	0	0
0.436	1	11	44	7	23	8	421	0	0
0.437	1	3	44	8	24	8	421	0	0
0.438	1	14	44	9	28	8	421	0	0
0.439	1	12	44	10	29	8	421	0	0
0.44	1	15	45	1	30	8	421	0	0
0.441	1	8	45	2	1	8	421	0	0
0.442	1	10	45	3	2	8	421	0	0
0.443	1	7	45	4	3	8	421	0	0
0.444	1	9	45	5	4	8	421	0	0
0.445	1	5	45	6	14	8	421	0	0
0.446	1	6	45	7	15	8	421	0	0
0.447	1	4	45	8	16	8	421	0	0
0.448	1	13	45	9	17	8	421	0	0
0.449	1	1	45	10	21	8	421	0	0
0.45	1	2	46	1	22	8	421	0	0
0.451	1	11	46	2	23	8	421	0	0
0.452	1	3	46	3	24	8	421	0	0
0.453	1	14	46	4	28	8	421	0	0
0.454	1	12	46	5	29	8	421	0	0
0.455	1	15	46	6	30	8	421	0	0
0.456	1	8	46	7	1	8	421	0	0
0.457	1	10	46	8	2	8	421	0	0
0.458	1	7	46	9	3	8	421	0	0
0.459	1	9	46	10	4	8	421	0	0
0.46	1	5	47	1	14	8	421	0	0
0.461	1	6	47	2	15	8	421	0	0
0.462	1	4	47	3	16	8	421	0	0
0.463	1	13	47	4	17	8	421	0	0
0.464	1	1	47	5	21	8	421	0	0
0.465	1	2	47	6	22	8	421	0	0
0.466	1	11	47	7	23	8	421	0	0
0.467	1	3	47	8	24	8	421	0	0
0.468	1	14	47	9	28	8	421	0	0
0.469	1	12	47	10	29	8	421	0	0
0.47	1	15	48	1	30	8	421	0	0
0.471	1	8	48	2	1	8	421	0	0
0.472	1	10	48	3	2	8	421	0	0
0.473	1	7	48	4	3	8	421	0	0
0.474	1	9	48	5	4	8	421	0	0
0.475	1	5	48	6	14	8	421	0	0
0.476	1	6	48	7	15	8	421	0	0
0.477	1	4	48	8	16	8	421	0	0
0.478	1	13	48	9	17	8	421	0	0
0.479	1	1	48	10	21	8	421	0	0
0.48	1	2	49	1	22	8	421	0	0
0.481	1	11	49	2	23	8	421	0	0
0.482	1	3	49	3	24	8	421	0	0
0.483	1	14	49	4	28	8	421	0	0
0.484	1	12	49	5	29	8	421	0	0
0.485	1	15	49	6	30	8	421	0	0
0.486	1	8	49	7	1	8	421	0	0
0.487	1	10	49	8	2	8	421	0	0
0.488	1	7	49	9	3	8	421	0	0
0.489	1	9	49	10	4	8	421	0	0
0.49	1	5	50	1	14	8	421	0	0
0.491	1	6	50	2	15	8	421	0	0
0.492	1	4	50	3	16	8	421	0	0
0.493	1	13	50	4	17	8	421	0	0
0.494	1	1	50	5	21	8	421	0	0
0.495	1	2	50	6	22	8	421	0	0
0.496	1	11	50	7	23	8	421	0	0
0.497	1	3	50	8	24	8	421	0	0
0.498	1	14	50	9	28	8	421	0	0
0.499	1	12	50	10	29	8	421	0	0
0.5	1	15	51	1	30	8	421	0	0
0.501	1	8	51	2	1	8	421	0	0
0.502	1	10	51	3	2	8	421	0	0
0.503	1	7	51	4	3	8	421	0	0
0.504	1	9	51	5	4	8	421	0	0
0.505	1	5	51	6	14	8	421	0	0
0.506	1	6	51	7	15	8	421	0	0
0.507	1	4	51	8	16	8	421	0	0
0.508	1	13	51	9	17	8	421	0	0
0.509	1	1	51	10	21	8	421	0	0
0.51	1	2	52	1	22	8	421	0	0
0.511	1	11	52	2	23	8	421	0	0
0.512	1	3	52	3	24	8	421	0	0
0.513	1	14	52	4	28	8	421	0	0
0.514	1	12	52	5	29	8	421	0	0
0.515	1	15	52	6	30	8	421	0	0
0.516	1	8	52	7	1	8	421	0	0
0.517	1	10	52	8	2	8	421	0	0
0.518	1	7	52	9	3	8	421	0	0
0.519	1	9	52	10	4	8	421	0	0
0.52	1	5	53	1	14	8	421	0	0
0.521	1	6	53	2	15	8	421	0	0
0.522	1	4	53	3	16	8	421	0	0
0.523	1	13	53	4	17	8	421	0	0
0.524	1	1	53	5	21	8	421	0	0
0.525	1	2	53	6	22	8	421	0	0
0.526	1	11	53	7	23	8	421	0	0
0.527	1	3	53	8	24	8	421	0	0
0.528	1	14	53	9	28	8	421	0	0
0.529	1	12	53	10	29	8	421	0	0
0.53	1	15	54	1	30	8	421	0	0
0.531	1	8	54	2	1	8	421	0	0
0.532	1	10	54	3	2	8	421	0	0
0.533	1	7	54	4	3	8	421	0	0
0.534	1	9	54	5	4	8	421	0	0
0.535	1	5	54	6	14	8	421	0	0
0.536	1	6	54	7	15	8	421	0	0
0.537	1	4	54	8	16	8	421	0	0
0.538	1	13	54	9	17	8	421	0	0
0.539	1	1	54	10	21	8	421	0	0
0.54	1	2	55	1	22	8	421	0	0
0.541	1	11	55	2	23	8	421	0	0
0.542	1	3	55	3	24	8	421	0	0
0.543	1	14	55	4	28	8	421	0	0
0.544	1	12	55	5	29	8	421	0	0
0.545	1	15	55	6	30	8	421	0	0
0.546	1	8	55	7	1	8	421	0	0
0.547	1	10	55	8	2	8	421	0	0
0.548	1	7	55	9	3	8	421	0	0
0.549	1	9	55	10	4	8	421	0	0
0.55	1	5	56	1	14	8	421	0	0
0.551	1	6	56	2	15	8	421	0	0
0.552	1	4	56	3	16	8	421	0	0
0.553	1	13	56	4	17	8	421	0	0
0.554	1	1	56	5	21	8	421	0	0
0.555	1	2	56	6	22	8	421	0	0
0.556	1	11	56	7	23	8	421	0	0
0.557	1	3	56	8	24	8	421	0	0
0.558	1	14	56	9	28	8	421	0	0
0.559	1	12	56	10	29	8	421	0	0
0.56	1	15	57	1	30	8	421	0	0
0.561	1	8	57	2	1	8	421	0	0
0.562	1	10	57	3	2	8	421	0	0
0.563	1	7	57	4	3	8	421	0	0
0.564	1	9	57	5	4	8	421	0	0
0.565	1	5	57	6	14	8	421	0	0
0.566	1	6	57	7	15	8	421	0	0
0.567	1	4	57	8	16	8	421	0	0
0.568	1	13	57	9	17	8	421	0	0
0.569	1	1	57	10	21	8	421	0	0
0.57	1	2	58	1	22	8	421	0	0
0.571	1	11	58	2	23	8	421	0	0
0.572	1	3	58	3	24	8	421	0	0
0.573	1	14	58	4	28	8	421	0	0
0.574	1	12	58	5	29	8	421	0	0
0.575	1	15	58	6	30	8	421	0	0
0.576	1	8	58	7	1	8	421	0	0
0.577	1	10	58	8	2	8	421	0	0
0.578	1	7	58	9	3	8	421	0	0
0.579	1	9	58	10	4	8	421	0	0
0.58	1	5	59	1	14	8	421	0	0
0.581	1	6	59	2	15	8	421	0	0
0.582	1	4	59	3	16	8	421	0	0
0.583	1	13	59	4	17	8	421	0	0
0.584	1	1	59	5	21	8	421	0	0
0.585	1	2	59	6	22	8	421	0	0
0.586	1	11	59	7	23	8	421	0	0
0.587	1	3	59	8	24	8	421	0	0
0.588	1	14	59	9	28	8	421	0	0
0.589	1	12	59	10	29	8	421	0	0
0.59	1	15	60	1	30	8	421	0	0
0.591	1	8	60	2	1	8	421	0	0
0.592	1	10	60	3	2	8	421	0	0
0.593	1	7	60	4	3	8	421	0	0
0.594	1	9	60	5	4	8	421	0	0
0.595	1	5	60	6	14	8	421	0	0
0.596	1	6	60	7	15	8	421	0	0
0.597	1	4	60	8	16	8	421	0	0
0.598	1	13	60	9	17	8	421	0	0
0.599	1	1	60	10	21	8	421	0	0
0.6	1	2	61	1	22	8	421	0	0
0.601	1	11	61	2	23	8	421	0	0
0.602	1	3	61	3	24	8	421	0	0
0.603	1	14	61	4	28	8	421	0	0
0.604	1	12	61	5	29	8	421	0	0
0.605	1	15	61	6	30	8	421	0	0
0.606	1	8	61	7	1	8	421	0	0
0.607	1	10	61	8	2	8	421	0	0
0.608	1	7	61	9	3	8	421	0	0
0.609	1	9	61	10	4	8	421	0	0
0.61	1	5	62	1	14	8	421	0	0
0.611	1	6	62	2	15	8	421	0	0
0.612	1	4	62	3	16	8	421	0	0
0.613	1	13	62	4	17	8	421	0	0
0.614	1	1	62	5	21	8	421	0	0
0.615	1	2	62	6	22	8	421	0	0
0.616	1	11	62	7	23	8	421	0	0
0.617	1	3	62	8	24	8	421	0	0
0.618	1	14	62	9	28	8	421	0	0
0.619	1	12	62	10	29	8	421	0	0
0.62	1	15	63	1	30	8	421	0	0
0.621	1	8	63	2	1	8	421	0	0
0.622	1	10	63	3	2	8	421	0	0
0.623	1	7	63	4	3	8	421	0	0
0.624	1	9	63	5	4	8	421	0	0
0.625	1	5	63	6	14	8	421	0	0
0.626	1	6	63	7	15	8	421	0	0
0.627	1	4	63	8	16	8	421	0	0
0.628	1	13	63	9	17	8	421	0	0
0.629	1	1	63	10	21	8	421	0	0
0.63	1	2	64	1	22	8	421	0	0
0.631	1	11	64	2	23	8	421	0	0
0.632	1	3	64	3	24	8	421	0	0
0.633	1	14	64	4	28	8	421	0	0
0.634	1	12	64	5	29	8	421	0	0
0.635	1	15	64	6	30	8	421	0	0
0.636	1	8	64	7	1	8	421	0	0
0.637	1	10	64	8	2	8	421	0	0
0.638	1	7	64	9	3	8	421	0	0
0.639	1	9	64	10	4	8	421	0	0
0.64	1	5	65	1	14	8	421	0	0
0.641	1	6	65	2	15	8	421	0	0
0.642	1	4	65	3	16	8	421	0	0
0.643	1	13	65	4	17	8	421	0	0
0.644	1	1	65	5	21	8	421	0	0
0.645	1	2	65	6	22	8	421	0	0
0.646	1	11	65	7	23	8	421	0	0
0.647	1	3	65	8	24	8	421	0	0
0.648	1	14	65	9	28	8	421	0	0
0.649	1	12	65	10	29	8	421	0	0
0.65	1	15	66	1	30	8	421	0	0
0.651	1	8	66	2	1	8	421	0	0
0.652	1	10	66	3	2	8	421	0	0
0.653	1	7	66	4	3	8	421	0	0
0.654	1	9	66	5	4	8	421	0	0
0.655	1	5	66	6	14	8	421	0	0
0.656	1	6	66	7	15	8	421	0	0
0.657	1	4	66	8	16	8	421	0	0
0.658	1	13	66	9	17	8	421	0	0
0.659	1	1	66	10	21	8	421	0	0
0.66	1	2	67	1	22	8	421	0	0
0.661	1	11	67	2	23	8	421	0	0
0.662	1	3	67	3	24	8	421	0	0
0.663	1	14	67	4	28	8	421	0	0
0.664	1	12	67	5	29	8	421	0	0
0.665	1	15	67	6	30	8	421	0	0
0.666	1	8	67	7	1	8	421	0	0
0.667	1	10	67	8	2	8	421	0	0
0.668	1	7	67	9	3	8	421	0	0
0.669	1	9	67	10	4	8	421	0	0
0.67	1	5	68	1	14	8	421	0	0
0.671	1	6	68	2	15	8	421	0	0
0.672	1	4	68	3	16	8	421	0	0
0.673	1	13	68	4	17	8	421	0	0
0.674	1	1	68	5	21	8	421	0	0
0.675	1	2	68	6	22	8	421	0	0
0.676	1	11	68	7	23	8	421	0	0
0.677	1	3	68	8	24	8	421	0	0
0.678	1	14	68	9	28	8	421	0	0
0.679	1	12	68	10	29	8	421	0	0
0.68	1	15	69	1	30	8	421	0	0
0.681	1	8	69	2	1	8	421	0	0
0.682	1	10	69	3	2	8	421	0	0
0.683	1	7	69	4	3	8	421	0	0
0.684	1	9	69	5	4	8	421	0	0
0.685	1	5	69	6	14	8	421	0	0
0.686	1	6	69	7	15	8	421	0	0
0.687	1	4	69	8	16	8	421	0	0
0.688	1	13	69	9	17	8	421	0	0
0.689	1	1	69	10	21	8	421	0	0
0.69	1	2	70	1	22	8	421	0	0
0.691	1	11	70	2	23	8	421	0	0
0.692	1	3	70	3	24	8	421	0	0
0.693	1	14	70	4	28	8	421	0	0
0.694	1	12	70	5	29	8	421	0	0
0.695	1	15	70	6	30	8	421	0	0
0.696	1	8	70	7	1	8	421	0	0
0.697	1	10	70	8	2	8	421	0	0
0.698	1	7	70	9	3	8	421	0	0
0.699	1	9	70	10	4	8	421	0	0
0.7	1	5	71	1	14	8	421	0	0
0.701	1	6	71	2	15	8	421	0	0
0.702	1	4	71	3	16	8	421	0	0
0.703	1	13	71	4	17	8	421	0	0
0.704	1	1	71	5	21	8	421	0	0
0.705	1	2	71	6	22	8	421	0	0
0.706	1	11	71	7	23	8	421	0	0
0.707	1	3	71	8	24	8	421	0	0
0.708	1	14	71	9	28	8	421	0	0
0.709	1	12	71	10	29	8	421	0	0
0.71	1	15	72	1	30	8	421	0	0
0.711	1	8	72	2	1	8	421	0	0
0.712	1	10	72	3	2	8	421	0	0
0.713	1	7	72	4	3	8	421	0	0
0.714	1	9	72	5	4	8	421	0	0
0.715	1	5	72	6	14	8	421	0	0
0.716	1	6	72	7	15	8	421	0	0
0.717	1	4	72	8	16	8	421	0	0
0.718	1	13	72	9	17	8	421	0	0
0.719	1	1	72	10	21	8	421	0	0
0.72	1	2	73	1	22	8	421	0	0
0.721	1	11	73	2	23	8	421	0	0
0.722	1	3	73	3	24	8	421	0	0
0.723	1	14	73	4	28	8	421	0	0
0.724	1	12	73	5	29	8	421	0	0
0.725	1	15	73	6	30	8	421	0	0
0.726	1	8	73	7	1	8	421	0	0
0.727	1	10	73	8	2	8	421	0	0
0.728	1	7	73	9	3	8	421	0	0
0.729	1	9	73	10	4	8	421	0	0
0.73	1	5	74	1	14	8	421	0	0
0.731	1	6	74	2	15	8	421	0	0
0.732	1	4	74	3	16	8	421	0	0
0.733	1	13	74	4	17	8	421	0	0
0.734	1	1	74	5	21	8	421	0	0
0.735	1	2	74	6	22	8	421	0	0
0.736	1	11	74	7	23	8	421	0	0
0.737	1	3	74	8	24	8	421	0	0
0.738	1	14	74	9	28	8	421	0	0
0.739	1	12	74	10	29	8	421	0	0
0.74	1	15	75	1	30	8	421	0	0
0.741	1	8	75	2	1	8	421	0	0
0.742	1	10	75	3	2	8	421	0	0
0.743	1	7	75	4	3	8	421	0	0
0.744	1	9	75	5	4	8	421	0	0
0.745	1	5	75	6	14	8	421	0	0
0.746	1	6	75	7	15	8	421	0	0
0.747	1	4	75	8	16	8	421	0	0
0.748	1	13	75	9	17	8	421	0	0
0.749	1	1	75	10	21	8	421	0	0
0.75	1	2	76	1	22	8	421	0	0
0.751	1	11	76	2	23	8	421	0	0
0.752	1	3	76	3	24	8	421	0	0
0.753	1	14	76	4	28	8	421	0	0
0.754	1	12	76	5	29	8	421	0	0
0.755	1	15	76	6	30	8	421	0	0
0.756	1	8	76	7	1	8	421	0	0
0.757	1	10	76	8	2	8	421	0	0
0.758	1	7	76	9	3	8	421	0	0
0.759	1	9	76	10	4	8	421	0	0
0.76	1	5	77	1	14	8	421	0	0
0.761	1	6	77	2	15	8	421	0	0
0.762	1	4	77	3	16	8	421	0	0
0.763	1	13	77	4	17	8	421	0	0
0.764	1	1	77	5	21	8	421	0	0
0.765	1	2	77	6	22	8	421	0	0
0.766	1	11	77	7	23	8	421	0	0
0.767	1	3	77	8	24	8	421	0	0
0.768	1	14	77	9	28	8	421	0	0
0.769	1	12	77	10	29	8	421	0	0
0.77	1	15	78	1	30	8	421	0	0
0.771	1	8	78	2	1	8	421	0	0
0.772	1	10	78	3	2	8	421	0	0
0.773	1	7	78	4	3	8	421	0	0
0.774	1	9	78	5	4	8	421	0	0
0.775	1	5	78	6	14	8	421	0	0
0.776	1	6	78	7	15	8	421	0	0
0.777	1	4	78	8	16	8	421	0	0
0.778	1	13	78	9	17	8	421	0	0
0.779	1	1	78	10	21	8	421	0	0
0.78	1	2	79	1	22	8	421	0	0
0.781	1	11	79	2	23	8	421	0	0
0.782	1	3	79	3	24	8	421	0	0
0.783	1	14	79	4	28	8	421	0	0
0.784	1	12	79	5	29	8	421	0	0
0.785	1	15	79	6	30	8	421	0	0
0.786	1	8	79	7	1	8	421	0	0
0.787	1	10	79	8	2	8	421	0	0
0.788	1	7	79	9	3	8	421	0	0
0.789	1	9	79	10	4	8	421	0	0
0.79	1	5	80	1	14	8	421	0	0
0.791	1	6	80	2	15	8	421	0	0
0.792	1	4	80	3	16	8	421	0	0
0.793	1	13	80	4	17	8	421	0	0
0.794	1	1	80	5	21	8	421	0	0
0.795	1	2	80	6	22	8	421	0	0
0.796	1	11	80	7	23	8	421	0	0
0.797	1	3	80	8	24	8	421	0	0
0.798	1	14	80	9	28	8	421	0	0
0.799	1	12	80	10	29	8	421	0	0
0.8	1	15	81	1	30	8	421	0	0
0.801	1	8	81	2	1	8	421	0	0
0.802	1	10	81	3	2	8	421	0	0
0.803	1	7	81	4	3	8	421	0	0
0.804	1	9	81	5	4	8	421	0	0
0.805	1	5	81	6	14	8	421	0	0
0.806	1	6	81	7	15	8	421	0	0
0.807	1	4	81	8	16	8	421	0	0
0.808	1	13	81	9	17	8	421	0	0
0.809	1	1	81	10	21	8	421	0	0
0.81	1	2	82	1	22	8	421	0	0
0.811	1	11	82	2	23	8	421	0	0
0.812	1	3	82	3	24	8	421	0	0
0.813	1	14	82	4	28	8	421	0	0
0.814	1	12	82	5	29	8	421	0	0
0.815	1	15	82	6	30	8	421	0	0
0.816	1	8	82	7	1	8	421	0	0
0.817	1	10	82	8	2	8	421	0	0
0.818	1	7	82	9	3	8	421	0	0
0.819	1	9	82	10	4	8	421	0	0
0.82	1	5	83	1	14	8	421	0	0
0.821	1	6	83	2	15	8	421	0	0
0.822	1	4	83	3	16	8	421	0	0
0.823	1	13	83	4	17	8	421	0	0
0.824	1	1	83	5	21	8	421	0	0
0.825	1	2	83	6	22	8	421	0	0
0.826	1	11	83	7	23	8	421	0	0
0.827	1	3	83	8	24	8	421	0	0
0.828	1	14	83	9	28	8	421	0	0
0.829	1	12	83	10	29	8	421	0	0
0.83	1	15	84	1	30	8	421	0	0
0.831	1	8	84	2	1	8	421	0	0
0.832	1	10	84	3	2	8	421	0	0
0.833	1	7	84	4	3	8	421	0	0
0.834	1	9	84	5	4	8	421	0	0
0.835	1	5	84	6	14	8	421	0	0
0.836	1	6	84	7	15	8	421	0	0
0.837	1	4	84	8	16	8	421	0	0
0.838	1	13	84	9	17	8	421	0	0
0.839	1	1	84	10	21	8	421	0	0
0.84	1	2	85	1	22	8	421	0	0
0.841	1	11	85	2	23	8	421	0	0
0.842	1	3	85	3	24	8	421	0	0
0.843	1	14	85	4	28	8	421	0	0
0.844	1	12	85	5	29	8	421	0	0
0.845	1	15	85	6	30	8	421	0	0
0.846	1	8	85	7	1	8	421	0	0
0.847	1	10	85	8	2	8	421	0	0
0.848	1	7	85	9	3	8	421	0	0
0.849	1	9	85	10	4	8	421	0	0
0.85	1	5	86	1	14	8	421	0	0
0.851	1	6	86	2	15	8	421	0	0
0.852	1	4	86	3	16	8	421	0	0
0.853	1	13	86	4	17	8	421	0	0
0.854	1	1	86	5	21	8	421	0	0
0.855	1	2	86	6	22	8	421	0	0
0.856	1	11	86	7	23	8	421	0	0
0.857	1	3	86	8	24	8	421	0	0
0.858	1	14	86	9	28	8	421	0	0
0.859	1	12	86	10	29	8	421	0	0
0.86	1	15	87	1	30	8	421	0	0
0.861	1	8	87	2	1	8	421	0	0
0.862	1	10	87	3	2	8	421	0	0
0.863	1	7	87	4	3	8	421	0	0
0.864	1	9	87	5	4	8	421	0	0
0.865	1	5	87	6	14	8	421	0	0
0.866	1	6	87	7	15	8	421	0	0
0.867	1	4	87	8	16	8	421	0	0
0.868	1	13	87	9	17	8	421	0	0
0.869	1	1	87	10	21	8	421	0	0
0.87	1	2	88	1	22	8	421	0	0
0.871	1	11	88	2	23	8	421	0	0
0.872	1	3	88	3	24	8	421	0	0
0.873	1	14	88	4	28	8	421	0	0
0.874	1	12	88	5	29	8	421	0	0
0.875	1	15	88	6	30	8	421	0	0
0.876	1	8	88	7	1	8	421	0	0
0.877	1	10	88	8	2	8	421	0	0
0.878	1	7	88	9	3	8	421	0	0
0.879	1	9	88	10	4	8	421	0	0
0.88	1	5	89	1	14	8	421	0	0
0.881	1	6	89	2	15	8	421	0	0
0.882	1	4	89	3	16	8	421	0	0
0.883	1	13	89	4	17	8	421	0	0
0.884	1	1	89	5	21	8	421	0	0
0.885	1	2	89	6	22	8	421	0	0
0.886	1	11	89	7	23	8	421	0	0
0.887	1	3	89	8	24	8	421	0	0
0.888	1	14	89	9	28	8	421	0	0
0.889	1	12	89	10	29	8	421	0	0
0.89	1	15	90	1	30	8	421	0	0
0.891	1	8	90	2	1	8	421	0	0
0.892	1	10	90	3	2	8	421	0	0
0.893	1	7	90	4	3	8	421	0	0
0.894	1	9	90	5	4	8	421	0	0
0.895	1	5	90	6	14	8	421	0	0
0.896	1	6	90	7	15	8	421	0	0
0.897	1	4	90	8	16	8	421	0	0
0.898	1	13	90	9	17	8	421	0	0
0.899	1	1	90	10	21	8	421	0	0
