#Traffic (MBps)    Latency(ms)    ULPDCP    DLPDCP    ULRLC    DLRLC    %    xx
6.6664612409    49.188    6.53917    3.12879    4.71429    3.0    47
6.35782877604    48.7667    6.17555    3.07905    4.71429    3.0    44
6.07650891869    48.2545    5.68758    3.04017    4.71429    3.0    42
5.81902972722    47.9898    5.42829    3.04089    4.71429    3.0    41
5.58248380335    48.4667    5.9001    3.0386    4.71429    3.0    39
5.36441802979    48.368    5.81613    3.03969    4.71429    3.0    37
52.8188852163    935.336    797.625    104.85    4.71429    3.0    114
5.16274817904    48.3385    5.77068    3.0398    4.71429    3.0    36
4.9756920856    48.089    5.52704    3.04159    4.71429    3.0    35
49.0461077009    930.433    792.963    104.85    4.71429    3.0    114
4.80171683785    47.9991    5.43246    3.04016    4.71429    3.0    33
4.63949667441    48.1678    5.61618    3.03824    4.71429    3.0    32
45.7763671875    925.144    787.924    104.85    4.71429    3.0    114
4.48787913603    48.5566    5.99092    3.0377    4.71429    3.0    31
4.34585764438    48.5677    6.00645    3.03902    4.71429    3.0    30
42.9153442383    919.433    782.494    104.85    4.71429    3.0    114
4.21254912768    48.479    5.91196    3.04043    4.71429    3.0    29
4.08717564174    48.2486    5.69731    3.04136    4.71429    3.0    28
40.3909122243    913.244    776.605    104.85    4.71429    3.0    114
3.96904917811    48.0799    5.51318    3.04137    4.71429    3.0    28
3.85755903265    47.9901    5.42821    3.04046    4.71429    3.0    27
38.1469726562    906.501    770.197    104.85    4.71429    3.0    114
3.75216124488    48.1694    5.60212    3.03993    4.71429    3.0    26
3.65236972241    48.4483    5.8962    3.03948    4.71429    3.0    25
36.1392372533    899.14    763.193    104.85    4.71429    3.0    114
3.55774874514    48.994    6.4296    3.0394    4.71429    3.0    25
3.46790660511    49.1277    6.54189    3.06008    4.71429    3.0    24
34.3322753906    891.029    755.462    104.85    4.71429    3.0    114
3.38249018627    49.1774    6.60638    3.04051    4.71429    3.0    23
3.30118032602    48.7274    6.17603    3.04102    4.71429    3.0    23
32.6974051339    882.17    747.06    104.85    4.71429    3.0    114
3.22368783011    48.6089    6.04263    3.04102    4.71429    3.0    22
3.14975003584    48.4497    5.88881    3.04102    4.71429    3.0    22
31.211159446    872.321    737.704    104.85    4.71429    3.0    114
3.07912783772    48.3097    5.7434    3.04102    4.71429    3.0    21
3.01160310444    48.1301    5.57893    3.04102    4.71429    3.0    21
29.8541525136    861.362    727.284    104.85    4.71429    3.0    114
2.94697642838    48.0106    5.44428    3.04102    4.71429    3.0    20
2.88506515888    48.1295    5.56758    3.03994    4.71429    3.0    20
28.6102294922    849.079    715.617    104.85    4.71429    3.0    114
2.82570167824    48.3692    5.80194    3.03878    4.71429    3.0    19
2.76873188634    48.6474    6.09499    3.03763    4.71429    3.0    19
27.4658203125    835.183    702.516    104.85    4.71429    3.0    114
2.71401386487    49.0865    6.52038    3.03739    4.71429    3.0    19
2.66141669695    49.5851    7.02215    3.03778    4.71429    3.0    18
26.4094426082    819.515    687.532    104.85    4.71429    3.0    114
2.61081942134    49.5355    6.96785    3.03854    4.71429    3.0    18
2.56211010378    49.605    7.05398    3.03979    4.71429    3.0    18
25.4313151042    801.483    670.408    104.85    4.71429    3.0    114
2.5151850103    49.5343    6.96904    3.04071    4.71429    3.0    17
2.46994786983    49.4258    6.86417    3.04102    4.71429    3.0    17
24.5230538504    780.593    650.585    104.85    4.71429    3.0    114
2.42630921489    49.337    6.76987    3.04102    4.71429    3.0    17
2.38418579102    49.2071    6.65563    3.04102    4.71429    3.0    16
23.6774313039    756.161    627.375    104.85    4.71429    3.0    114
2.34350002666    49.1371    6.57067    3.04102    4.71429    3.0    16
2.30417955642    49.0276    6.46421    3.04102    4.71429    3.0    16
22.8881835938    727.095    599.808    104.85    4.71429    3.0    114
2.26615679146    48.9388    6.37498    3.04102    4.71429    3.0    16
2.22936853186    48.809    6.25725    3.04102    4.71429    3.0    15
22.1498550907    692.13    566.572    104.85    4.71429    3.0    114
2.19375561601    48.7387    6.17244    3.04102    4.71429    3.0    15
2.15926260318    48.6291    6.06792    3.04102    4.71429    3.0    15
21.4576721191    649.041    525.668    104.85    4.71429    3.0    114
2.12583748549    48.5389    5.9727    3.04102    4.71429    3.0    15
2.09343142626    48.4095    5.85835    3.04102    4.71429    3.0    14
20.8074396307    595.371    474.117    104.85    4.71429    3.0    114
2.06199852196    48.3397    5.77146    3.04102    4.71429    3.0    14
2.03149558524    48.2305    5.66916    3.04102    4.71429    3.0    14
20.1954561121    538.321    414.154    104.85    4.71429    3.0    114
2.00188194698    48.1399    5.57455    3.04102    4.71429    3.0    14
1.97311927532    48.0108    5.45872    3.04102    4.71429    3.0    13
19.6184430804    481.261    354.084    104.85    4.71429    3.0    114
1.94517141023    48.12    5.55205    3.04056    4.71429    3.0    13
1.91800421177    48.309    5.74784    3.03979    4.71429    3.0    13
19.0734863281    424.221    294.014    104.85    4.71429    3.0    114
1.89158542097    48.5669    6.00117    3.03901    4.71429    3.0    13
1.8658845321    48.8467    6.29564    3.03855    4.71429    3.0    13
18.5579866976    367.191    233.944    104.85    4.71429    3.0    114
1.8408726751    49.1676    6.59998    3.03893    4.71429    3.0    13
1.81652250744    49.4653    6.90558    3.03932    4.71429    3.0    12
18.0696186266    310.141    173.874    104.85    4.71429    3.0    114
1.79280811439    49.9227    7.35385    3.03941    4.71429    3.0    12
1.76970491704    50.3621    7.81247    3.03948    4.71429    3.0    12
17.6062950721    253.101    113.804    104.85    4.71429    3.0    114
1.74718958731    50.5737    8.00833    3.03995    4.71429    3.0    12
1.72523996938    50.7063    8.14296    3.04026    4.71429    3.0    12
1.70383500698    50.8373    8.27887    3.04056    4.71429    3.0    12
1.68295467601    50.8839    8.33357    3.04041    4.71429    3.0    11
1.66257992206    50.8647    8.29853    3.04103    4.71429    3.0    11
1.64269260242    50.8045    8.24343    3.04103    4.71429    3.0    11
1.62327543218    50.7646    8.19773    3.04103    4.71429    3.0    11
1.60431193414    50.6843    8.13322    3.04103    4.71429    3.0    11
15.9685001817    48.7873    5.59604    3.65946    4.71429    3.0    112
1.58578639218    50.6643    8.09578    3.04103    4.71429    3.0    11
1.56768380779    50.6047    8.04345    3.04103    4.71429    3.0    11
1.54998985962    50.5653    7.99843    3.04103    4.71429    3.0    10
1.53269086565    50.4848    7.93274    3.04103    4.71429    3.0    10
1.51577374793    50.465    7.89971    3.04103    4.71429    3.0    10
1.49922599959    50.4051    7.84374    3.04103    4.71429    3.0    10
1.48303565402    50.3655    7.79945    3.04103    4.71429    3.0    10
1.46719125601    50.2854    7.73469    3.04103    4.71429    3.0    10
1.4516818347    50.2651    7.69925    3.04103    4.71429    3.0    10
1.43649687827    50.2059    7.64509    3.04103    4.71429    3.0    10
14.3051147461    47.9744    5.32719    3.13203    4.71429    3.0    101
1.42162631017    50.1652    7.59866    3.04103    4.71429    3.0    10
1.40706046683    50.0865    7.53411    3.04103    4.71429    3.0    9
1.3927900767    50.0661    7.49852    3.04103    4.71429    3.0    9
1.37880624059    50.0062    7.43931    3.04103    4.71429    3.0    9
1.36510041315    49.9668    7.40201    3.04102    4.71429    3.0    9
1.35166438546    49.8859    7.33492    3.04102    4.71429    3.0    9
1.33849026864    49.8668    7.30013    3.04102    4.71429    3.0    9
1.3255704784    49.8068    7.24582    3.04102    4.71429    3.0    9
1.31289772048    49.7662    7.19951    3.04102    4.71429    3.0    9
1.30046497692    49.6866    7.13539    3.04102    4.71429    3.0    9
12.9555756191    47.8128    5.2396    3.04414    4.71429    3.0    91
1.28826549308    49.6663    7.0984    3.04102    4.71429    3.0    9
1.27629276545    49.6064    7.04604    3.04102    4.71429    3.0    9
1.26454053004    49.5682    7.00071    3.04102    4.71429    3.0    8
1.25300275148    49.4876    6.9348    3.04102    4.71429    3.0    8
1.24167361268    49.4681    6.90134    3.04102    4.71429    3.0    8
1.23054750504    49.4069    6.84638    3.04102    4.71429    3.0    8
1.21961901921    49.3677    6.80162    3.04102    4.71429    3.0    8
1.20888293629    49.2869    6.73729    3.04102    4.71429    3.0    8
1.19833421957    49.268    6.70161    3.04102    4.71429    3.0    8
1.1879680066    49.2083    6.64737    3.04102    4.71429    3.0    8
11.8387156519    47.8044    5.23889    3.0417    4.71429    3.0    83
1.17777960174    49.1681    6.60071    3.04102    4.71429    3.0    8
1.16776446907    49.0885    6.53645    3.04102    4.71429    3.0    8
1.15791822565    49.0684    6.50091    3.04102    4.71429    3.0    8
1.14823663514    49.0086    6.44068    3.04102    4.71429    3.0    8
1.13871560168    48.9677    6.40643    3.04102    4.71429    3.0    8
1.12935116417    48.8897    6.33876    3.04102    4.71429    3.0    7
1.12013949072    48.8699    6.30388    3.04102    4.71429    3.0    7
1.11107687348    48.8089    6.24867    3.04102    4.71429    3.0    7
1.10215972362    48.7702    6.20319    3.04102    4.71429    3.0    7
1.09338456658    48.6895    6.1378    3.04102    4.71429    3.0    7
10.8991350446    47.8002    5.23071    3.04101    4.71429    3.0    77
1.08474803762    48.6701    6.09933    3.04102    4.71429    3.0    7
1.07624687745    48.6097    6.04883    3.04102    4.71429    3.0    7
1.06787792817    48.5695    6.00517    3.04102    4.71429    3.0    7
1.05963812934    48.49    5.93756    3.04102    4.71429    3.0    7
1.05152451426    48.4697    5.9049    3.04102    4.71429    3.0    7
1.0435342064    48.4106    5.8497    3.04102    4.71429    3.0    7
1.03566441601    48.3702    5.80498    3.04102    4.71429    3.0    7
1.02791243685    48.2902    5.74025    3.04102    4.71429    3.0    7
1.02027564311    48.2705    5.70406    3.04102    4.71429    3.0    7
1.01275148645    48.2109    5.64993    3.04102    4.71429    3.0    7
10.0977280561    47.7775    5.22379    3.04078    4.71429    3.0    71
9.40610284675    47.7957    5.22749    3.04058    4.71429    3.0    66
8.80314753606    47.7946    5.23163    3.04076    4.71429    3.0    62
8.27283744352    47.8433    5.27564    3.04051    4.71429    3.0    58
7.80278986151    47.9322    5.37947    3.04056    4.71429    3.0    55
7.38328503024    48.1205    5.55249    3.04028    4.71429    3.0    52
7.00658681441    49.0008    6.35975    3.11936    4.71429    3.0    49
