Waf: Entering directory `/Users/binh/Documents/workspace/lena/build'
Waf: Leaving directory `/Users/binh/Documents/workspace/lena/build'
'build' finished successfully (1.704s)
ID1	0		0	0	500	nan	44
*Tx: UlTx resend frame at 518
*Tx: UlTx resend frame at 525
*Tx: UlTx resend frame at 532
*Tx: UlTx resend frame at 3518
*Tx: UlTx resend frame at 3525
*Tx: UlTx resend frame at 3532
ID1	0		0	0	9615	nan	44
ID1	3		0	0	9618	0	624
ID1	10		40	40	9659	4	43
ID1	11		0	40	9734	3.63636	580
ID1	11		0	40	9734	3.63636	1160
ID1	13		0	40	9754	3.07692	580
ID1	13		0	40	9754	3.07692	1160
ID1	13		0	40	9754	3.07692	1740
ID1	15		0	40	9774	2.66667	580
ID1	15		0	40	9774	2.66667	1160
ID1	15		0	40	9774	2.66667	1740
ID1	18		0	40	9793	2.22222	580
ID1	18		0	40	9793	2.22222	1160
ID1	18		0	40	9793	2.22222	1740
ID1	18		2	42	9795	2.33333	2320
ID1	18		2	44	9795	2.44444	2900
ID1	18		2	46	9795	2.55556	3480
ID1	24		0	46	9813	1.91667	580
ID1	24		0	46	9813	1.91667	1160
ID1	24		0	46	9813	1.91667	1740
ID1	24		2	48	9815	2	2320
ID1	24		2	50	9815	2.08333	2900
ID1	24		2	52	9815	2.16667	3480
ID1	24		4	56	9817	2.33333	4060
ID1	24		4	60	9817	2.5	4640
ID1	24		4	64	9817	2.66667	5220
ID1	33		0	64	9833	1.93939	580
ID1	33		0	64	9833	1.93939	1160
ID1	33		0	64	9833	1.93939	1740
ID1	11		0	0	9834	0	44
ID1	33		2	66	9835	2	2320
ID1	33		2	68	9835	2.06061	2900
ID1	33		2	70	9835	2.12121	3480
ID1	33		4	74	9837	2.24242	4060
ID1	33		4	78	9837	2.36364	4640
ID1	33		4	82	9837	2.48485	5220
ID1	33		6	88	9839	2.66667	5800
ID1	33		6	94	9839	2.84848	6380
ID1	33		6	100	9839	3.0303	6960
ID1	45		0	100	9852	2.22222	580
ID1	45		0	100	9852	2.22222	1160
ID1	45		0	100	9852	2.22222	1740
ID1	47		2	102	9854	2.17021	1082
ID1	47		2	104	9854	2.21277	1662
ID1	47		2	106	9854	2.25532	2242
ID1	49		2	108	9856	2.20408	1584
ID1	49		2	110	9856	2.2449	2164
ID1	49		2	112	9856	2.28571	2744
ID1	51		2	114	9858	2.23529	2086
ID1	51		2	116	9858	2.27451	2666
ID1	51		2	118	9858	2.31373	3246
ID1	53		4	122	9860	2.30189	2588
ID1	53		4	126	9860	2.37736	3168
ID1	53		4	130	9860	2.45283	3748
ID1	55		4	134	9862	2.43636	3090
ID1	55		4	138	9862	2.50909	3670
ID1	55		4	142	9862	2.58182	4250
ID1	57		4	146	9864	2.5614	3592
ID1	57		4	150	9864	2.63158	4172
ID1	57		4	154	9864	2.70175	4752
ID1	59		6	160	9866	2.71186	4214
ID1	59		6	166	9866	2.81356	4794
ID1	59		6	172	9866	2.91525	5374
ID1	22		0	0	9867	0	44
ID1	61		6	178	9868	2.91803	4956
ID1	61		6	184	9868	3.01639	5536
ID1	61		6	190	9868	3.11475	6116
ID1	63		6	196	9870	3.11111	5698
ID1	63		6	202	9870	3.20635	6278
ID1	63		6	208	9870	3.30159	6858
ID1	65		8	216	9872	3.32308	6440
ID1	65		8	224	9872	3.44615	7020
ID1	65		8	232	9872	3.56923	7600
ID1	67		8	240	9874	3.58209	7182
ID1	67		8	248	9874	3.70149	7762
ID1	67		8	256	9874	3.8209	8342
ID1	69		10	266	9876	3.85507	7924
ID1	69		10	276	9876	4	8504
ID1	69		10	286	9876	4.14493	9084
ID1	71		10	296	9878	4.16901	8666
ID1	71		10	306	9878	4.30986	9246
ID1	71		10	316	9878	4.4507	9826
ID1	73		12	328	9880	4.49315	9408
ID1	73		12	340	9880	4.65753	9988
ID1	73		12	352	9880	4.82192	10568
ID1	75		12	364	9882	4.85333	10278
ID1	75		12	376	9882	5.01333	10858
ID1	75		12	388	9882	5.17333	11438
ID1	78		13	401	9885	5.14103	10713
ID1	78		13	414	9885	5.30769	11293
ID1	78		13	427	9885	5.47436	11873
ID1	80		15	442	9887	5.525	11583
ID1	80		15	457	9887	5.7125	12163
ID1	80		15	472	9887	5.9	12743
ID1	82		15	487	9889	5.93902	12677
ID1	82		15	502	9889	6.12195	13257
ID1	82		15	517	9889	6.30488	13837
ID1	33		0	0	9891	0	44
ID1	85		18	535	9892	6.29412	13448
ID1	85		18	553	9892	6.50588	14028
ID1	85		18	571	9892	6.71765	14608
ID1	87		20	591	9894	6.7931	14542
ID1	87		20	611	9894	7.02299	15122
ID1	87		20	631	9894	7.25287	15702
ID1	90		21	652	9897	7.24444	15613
ID1	90		21	673	9897	7.47778	16193
ID1	90		21	694	9897	7.71111	16773
ID1	93		24	718	9900	7.72043	16684
ID1	93		24	742	9900	7.97849	17264
ID1	93		24	766	9900	8.23656	17844
ID1	97		26	792	9904	8.16495	17796
ID1	97		26	818	9904	8.43299	18376
ID1	97		26	844	9904	8.70103	18956
ID1	101		30	874	9908	8.65347	18996
ID1	101		30	904	9908	8.9505	19576
ID1	101		30	934	9908	9.24752	20156
ID1	107		36	970	9914	9.06542	19926
ID1	107		36	1006	9914	9.40187	20506
ID1	107		36	1042	9914	9.73832	21086
ID1	116		43	1085	9923	9.35345	20451
ID1	116		43	1128	9923	9.72414	21031
ID1	116		43	1171	9923	10.0948	21611
ID1	124		49	1220	9931	9.83871	21111
ID1	124		49	1269	9931	10.2339	21691
ID1	124		49	1318	9931	10.629	22271
ID1	133		55	1373	9940	10.3233	20844
ID1	133		55	1428	9940	10.7368	21424
ID1	133		55	1483	9940	11.1504	22004
ID1	139		59	1542	9946	11.0935	21146
ID1	139		59	1601	9946	11.518	21726
ID1	139		59	1660	9946	11.9424	22306
ID1	144		62	1722	9951	11.9583	21271
ID1	144		62	1784	9951	12.3889	21851
ID1	144		62	1846	9951	12.8194	22431
ID1	44		0	0	9954	0	44
ID1	150		65	1911	9957	12.74	21071
ID1	150		65	1976	9957	13.1733	21651
ID1	150		65	2041	9957	13.6067	22231
ID1	153		68	2109	9960	13.7843	21842
ID1	153		68	2177	9960	14.2288	22422
ID1	153		68	2245	9960	14.6732	23002
ID1	157		70	2315	9964	14.7452	22490
ID1	157		70	2385	9964	15.1911	23070
ID1	157		70	2455	9964	15.6369	23650
ID1	160		73	2528	9967	15.8	23561
ID1	160		73	2601	9967	16.2563	24141
ID1	160		73	2674	9967	16.7125	24721
ID1	164		74	2748	9971	16.7561	24409
ID1	164		74	2822	9971	17.2073	24989
ID1	164		74	2896	9971	17.6585	25569
ID1	168		78	2974	9975	17.7024	25433
ID1	168		78	3052	9975	18.1667	26013
ID1	168		78	3130	9975	18.631	26593
ID1	172		83	3213	9980	18.6802	26737
ID1	172		83	3296	9980	19.1628	27317
ID1	172		83	3379	9980	19.6453	27897
ID1	172		89	3468	9986	20.1628	28477
ID1	172		89	3557	9986	20.6802	29057
ID1	172		89	3646	9986	21.1977	29637
Address	Time	Tcp throughput	Tcp delay	Number of Lost Pkts	Number of Tx Pkts	ErrorUlTx	ErrorDlTx	HarqUlTx	HarqDlTx
9699		7.0.0.2		17.3611		72.4296		0		5		7992		0		6		0	nan
9799		7.0.0.2		232.333		33.937		0		19		7992		0		6		0	72.4296
9899		7.0.0.2		1119.28		17.9243		0		106		7992		0		6		0	33.937
9999		7.0.0.2		1236.72		30.1516		0		157		7992		0		6		0	17.9243
*************UL experiment**************
NumberofUeNodes = 1
NumberOfEnodeBs = 1
Distance = 700
Interval = 2000
Packet size = 900
Rate = 100000kb/s
Number of Packets = 0
S1uLink 1Gb/s 0.001
p2pLink 1Gb/s 0.001
CellId         Imsi           PdcpUL(ms)     PdcpDL(ms)     RlcUl(ms)      RlcDl(ms)      ULPDCPTxs      ULRLCTxs       DLPDCPTxs      DLRLCTxs       UlPathloss     DlPathloss     OnOffSent      packetSinkReceived  OnOffSentTotal packetSinkReceivedTotal
1              1              0              0              4.71428        0              3              2              1              1              inf            inf            131946         101            118751400      54136          
***Flow ID: 1 Src Addr 7.0.0.2 Dst Addr 1.0.0.2
Tx Packets 157
Rx Packets 103
Lost packets 0
Lost ratio 0
Average delay received +30.02796723584731893794
Mean received bitrate +1236.13353530657469788561
Mean transmitted bitrate +72.13000414484872244585
***Flow ID: 2 Src Addr 1.0.0.2 Dst Addr 7.0.0.2
Tx Packets 52
Rx Packets 52
Lost packets 0
Lost ratio 0
Average delay received +5.01144213222423742705
Mean received bitrate +44.02907367272486760146
Mean transmitted bitrate +44.02888384829595158583
Total Error UlRx 7992
Total Error DlRx 0
Total UlTx HARQ 6
Total DlTx HARQ 0
Phy UlRx = 66574
Phy DlRx = 112680
Phy UlTx = 71728
Phy DlTx = 112680
