#AppRate	MeanTx_1	Goodput(MeanRx)_1	TcpDelay_1	ul pdcp delay		ul rlc delay		lostPkt_1  MeanTx_2	Goodput(MeanRx)_2	TcpDelay_2	dl pdcp delay		dl rlc delay		lostPkt_2		UlTx		UlRx	DlTx	DlRx
110   0.11426	0.11426	32.3917	12.3806		2.37291		0	0.0046781	0.00467811	23.0619	3.0609		1.49249		0	1363740	1363740	2632605		2632605		0	0	0	0
210   0.218074	0.218073	32.3632	12.3526		2.36547		0	0.00890096	0.00890096	23.0618	3.06084		1.49603		0	2585376	2580792	4988325		4988325		0	0	0	0
310   0.321887	0.321874	28.9997	8.98429		1.60151		0	0.0131233	0.0131285	23.0618	3.06081		0.90206		0	5445792	4457940	12160965		12160965		0	0	0	0
410   0.416852	0.425639	32.4228	12.4115		1.89125		0	0.0171546	0.0173267	23.0618	3.06077		1.17791		0	5993580	3382992	11462160		11462160		0	0	0	0
510   0.446398	0.529646	26.626	6.61467		0.86909		0	0.0215617	0.0215602	23.2924	3.29137		0.520237		0	11487504	9399492	25952475		25952475		0	0	0	0
610   0.429491	0.633169	27.8463	7.83495		1.47277		0	0.0257308	0.0257308	24.4015	4.40048		0.713276		0	7217508	4829244	17412990		17412990		0	0	0	0
710   0.476399	0.737135	27.313	7.30162		0.784183		0	0.029904	0.0298788	24.417	4.41604		0.471573		0	9598896	7419204	28602660		28602660		0	0	0	0
810   0.518895	0.841025	29.1453	9.13383		0.580499		28	0.0340894	0.0340749	27.2477	7.24674		0.346986		0	11331648	9986244	37770630		37770630		0	0	0	0
910   0.570021	0.944779	28.9333	8.92138		0.589934		66	0.0374351	0.0372952	26.3058	6.30486		0.343417		0	11239968	10254408	36320280		36320280		0	0	0	0
1010   0.638891	1.0484	29.2388	9.22601		0.661563		73	0.042422	0.0423939	26.1135	6.11248		0.369325		0	10960344	9931236	34272210		34272210		0	0	0	0
1310   0.895803	1.36007	30.7403	10.7248		1.00003		0	0.0541342	0.0540637	23.4829	3.48188		0.622537		0	9053400	6619296	21412440		21412440		0	0	0	0
1610   0.962616	1.67124	31.8434	11.8285		0.75217		116	0.0672931	0.0654136	27.7624	7.76146		0.363207		0	12298872	9933528	29767335		29767335		0	0	0	0
1910   1.09218	1.98189	33.9654	13.9498		0.773514		136	0.0773954	0.0769865	30.7143	10.7133		0.294519		0	13795548	12214068	27675315		27666525		0	0	0	0
2210   1.20379	2.2321	152.49	132.473		0.636377		126	0.0838393	0.0837258	28.0046	8.00359		0.353844		0	18035748	17717160	34360110		34355715		0	0	0	0
2510   1.2358	2.32996	153.675	133.658		0.677994		125	0.0853765	0.0852998	36.8716	16.8706		0.310682		0	17024976	16552824	32342805		32338410		0	0	0	0
2810   1.22068	2.25448	188.99	168.973		0.648307		124	0.0789449	0.0788469	29.9593	9.95827		0.353746		0	17756124	17391696	33740415		33731625		0	0	0	0
3110   1.24147	2.38593	172.258	152.241		0.703555		125	0.0844735	0.0843958	30.985	10.984		0.330279		0	16461144	15924816	31182525		31178130		0	0	0	0
3410   1.24921	2.36571	178.802	158.785		0.697501		125	0.0826856	0.0826103	29.0681	9.06714		0.344152		0	16552824	16064628	31419855		31415460		0	0	0	0
3710   1.30063	2.61043	155.377	135.36		0.812701		125	0.0916274	0.0915351	31.0128	11.0118		0.323653		0	14352504	13667196	27103965		27090780		0	0	0	0
4010   1.5165	3.6996	91.4	71.3831		1.52256		126	0.128846	0.128662	35.8371	15.8361		0.186873		0	7657572	7167084	14468340		14463945		0	0	0	0
4310   1.28018	3.82623	85.8934	65.8766		1.58903		125	0.132947	0.129697	36.8336	16.8326		0.158194		0	7256472	6855372	13918965		13918965		0	0	0	0
4610   1.28018	3.82623	85.8934	65.8766		1.58903		125	0.132947	0.129697	36.8336	16.8326		0.158194		0	7256472	6855372	13918965		13918965		0	0	0	0
4910   1.28018	3.82623	85.8934	65.8766		1.58903		125	0.132947	0.129697	36.8336	16.8326		0.158194		0	7256472	6855372	13918965		13918965		0	0	0	0
5510   1.28018	3.82623	85.8934	65.8766		1.58903		125	0.132947	0.129697	36.8336	16.8326		0.158194		0	7256472	6855372	13918965		13918965		0	0	0	0
6110   1.28018	3.82623	85.8934	65.8766		1.58903		125	0.132947	0.129697	36.8336	16.8326		0.158194		0	7256472	6855372	13918965		13918965		0	0	0	0
6710   1.28018	3.82623	85.8934	65.8766		1.58903		125	0.132947	0.129697	36.8336	16.8326		0.158194		0	7256472	6855372	13918965		13918965		0	0	0	0
7310   1.28018	3.82623	85.8934	65.8766		1.58903		125	0.132947	0.129697	36.8336	16.8326		0.158194		0	7256472	6855372	13918965		13918965		0	0	0	0
7910   1.28018	3.82623	85.8934	65.8766		1.58903		125	0.132947	0.129697	36.8336	16.8326		0.158194		0	7256472	6855372	13918965		13918965		0	0	0	0
9010   1.28018	3.82623	85.8934	65.8766		1.58903		125	0.132947	0.129697	36.8336	16.8326		0.158194		0	7256472	6855372	13918965		13918965		0	0	0	0
10110   1.28018	3.82623	85.8934	65.8766		1.58903		125	0.132947	0.129697	36.8336	16.8326		0.158194		0	7256472	6855372	13918965		13918965		0	0	0	0
11210   1.28018	3.82623	85.8934	65.8766		1.58903		125	0.132947	0.129697	36.8336	16.8326		0.158194		0	7256472	6855372	13918965		13918965		0	0	0	0
12310   1.28018	3.82623	85.8934	65.8766		1.58903		125	0.132947	0.129697	36.8336	16.8326		0.158194		0	7256472	6855372	13918965		13918965		0	0	0	0
13410   1.28018	3.82623	85.8934	65.8766		1.58903		125	0.132947	0.129697	36.8336	16.8326		0.158194		0	7256472	6855372	13918965		13918965		0	0	0	0
14510   1.28018	3.82623	85.8934	65.8766		1.58903		125	0.132947	0.129697	36.8336	16.8326		0.158194		0	7256472	6855372	13918965		13918965		0	0	0	0
15610   1.28018	3.82623	85.8934	65.8766		1.58903		125	0.132947	0.129697	36.8336	16.8326		0.158194		0	7256472	6855372	13918965		13918965		0	0	0	0
16710   1.28018	3.82623	85.8934	65.8766		1.58903		125	0.132947	0.129697	36.8336	16.8326		0.158194		0	7256472	6855372	13918965		13918965		0	0	0	0
17810   1.28018	3.82623	85.8934	65.8766		1.58903		125	0.132947	0.129697	36.8336	16.8326		0.158194		0	7256472	6855372	13918965		13918965		0	0	0	0
18910   1.28018	3.82623	85.8934	65.8766		1.58903		125	0.132947	0.129697	36.8336	16.8326		0.158194		0	7256472	6855372	13918965		13918965		0	0	0	0
20010   1.28018	3.82623	85.8934	65.8766		1.58903		125	0.132947	0.129697	36.8336	16.8326		0.158194		0	7256472	6855372	13918965		13918965		0	0	0	0
21110   1.28018	3.82623	85.8934	65.8766		1.58903		125	0.132947	0.129697	36.8336	16.8326		0.158194		0	7256472	6855372	13918965		13918965		0	0	0	0
22210   1.28018	3.82623	85.8934	65.8766		1.58903		125	0.132947	0.129697	36.8336	16.8326		0.158194		0	7256472	6855372	13918965		13918965		0	0	0	0
23310   1.28018	3.82623	85.8934	65.8766		1.58903		125	0.132947	0.129697	36.8336	16.8326		0.158194		0	7256472	6855372	13918965		13918965		0	0	0	0
24410   1.28018	3.82623	85.8934	65.8766		1.58903		125	0.132947	0.129697	36.8336	16.8326		0.158194		0	7256472	6855372	13918965		13918965		0	0	0	0
25510   1.28018	3.82623	85.8934	65.8766		1.58903		125	0.132947	0.129697	36.8336	16.8326		0.158194		0	7256472	6855372	13918965		13918965		0	0	0	0
26610   1.28018	3.82623	85.8934	65.8766		1.58903		125	0.132947	0.129697	36.8336	16.8326		0.158194		0	7256472	6855372	13918965		13918965		0	0	0	0
27710   1.28018	3.82623	85.8934	65.8766		1.58903		125	0.132947	0.129697	36.8336	16.8326		0.158194		0	7256472	6855372	13918965		13918965		0	0	0	0
28810   1.28018	3.82623	85.8934	65.8766		1.58903		125	0.132947	0.129697	36.8336	16.8326		0.158194		0	7256472	6855372	13918965		13918965		0	0	0	0
29910   1.28018	3.82623	85.8934	65.8766		1.58903		125	0.132947	0.129697	36.8336	16.8326		0.158194		0	7256472	6855372	13918965		13918965		0	0	0	0
31010   1.28018	3.82623	85.8934	65.8766		1.58903		125	0.132947	0.129697	36.8336	16.8326		0.158194		0	7256472	6855372	13918965		13918965		0	0	0	0
32110   1.28018	3.82623	85.8934	65.8766		1.58903		125	0.132947	0.129697	36.8336	16.8326		0.158194		0	7256472	6855372	13918965		13918965		0	0	0	0
33210   1.28018	3.82623	85.8934	65.8766		1.58903		125	0.132947	0.129697	36.8336	16.8326		0.158194		0	7256472	6855372	13918965		13918965		0	0	0	0
34310   1.28018	3.82623	85.8934	65.8766		1.58903		125	0.132947	0.129697	36.8336	16.8326		0.158194		0	7256472	6855372	13918965		13918965		0	0	0	0
35410   1.28018	3.82623	85.8934	65.8766		1.58903		125	0.132947	0.129697	36.8336	16.8326		0.158194		0	7256472	6855372	13918965		13918965		0	0	0	0
36510   1.28018	3.82623	85.8934	65.8766		1.58903		125	0.132947	0.129697	36.8336	16.8326		0.158194		0	7256472	6855372	13918965		13918965		0	0	0	0
37610   1.28018	3.82623	85.8934	65.8766		1.58903		125	0.132947	0.129697	36.8336	16.8326		0.158194		0	7256472	6855372	13918965		13918965		0	0	0	0
38710   1.28018	3.82623	85.8934	65.8766		1.58903		125	0.132947	0.129697	36.8336	16.8326		0.158194		0	7256472	6855372	13918965		13918965		0	0	0	0
39810   1.28018	3.82623	85.8934	65.8766		1.58903		125	0.132947	0.129697	36.8336	16.8326		0.158194		0	7256472	6855372	13918965		13918965		0	0	0	0
40910   1.28018	3.82623	85.8934	65.8766		1.58903		125	0.132947	0.129697	36.8336	16.8326		0.158194		0	7256472	6855372	13918965		13918965		0	0	0	0
42010   1.28018	3.82623	85.8934	65.8766		1.58903		125	0.132947	0.129697	36.8336	16.8326		0.158194		0	7256472	6855372	13918965		13918965		0	0	0	0
43110   1.28018	3.82623	85.8934	65.8766		1.58903		125	0.132947	0.129697	36.8336	16.8326		0.158194		0	7256472	6855372	13918965		13918965		0	0	0	0
44210   1.28018	3.82623	85.8934	65.8766		1.58903		125	0.132947	0.129697	36.8336	16.8326		0.158194		0	7256472	6855372	13918965		13918965		0	0	0	0
45310   1.28018	3.82623	85.8934	65.8766		1.58903		125	0.132947	0.129697	36.8336	16.8326		0.158194		0	7256472	6855372	13918965		13918965		0	0	0	0
46410   1.28018	3.82623	85.8934	65.8766		1.58903		125	0.132947	0.129697	36.8336	16.8326		0.158194		0	7256472	6855372	13918965		13918965		0	0	0	0
47510   1.28018	3.82623	85.8934	65.8766		1.58903		125	0.132947	0.129697	36.8336	16.8326		0.158194		0	7256472	6855372	13918965		13918965		0	0	0	0
48610   1.28018	3.82623	85.8934	65.8766		1.58903		125	0.132947	0.129697	36.8336	16.8326		0.158194		0	7256472	6855372	13918965		13918965		0	0	0	0
49710   1.28018	3.82623	85.8934	65.8766		1.58903		125	0.132947	0.129697	36.8336	16.8326		0.158194		0	7256472	6855372	13918965		13918965		0	0	0	0
