#apprate  good put  received ulpdcp ulrlc
28.6102   16.6545   58.8985  870.054 4.71429
25.4313   16.6545   66.2601  858.69 4.71429
22.8882   16.6545   73.6231  840.927 4.71429
20.8074   16.6545   80.9853  809.4 4.71429
19.0735   16.6545   88.3471  737.422 4.71429
17.6063   16.6545   95.71  415.424 4.71429
16.3487   16.1373   99.8708  5.58212 4.71429
15.2588   15.0616   99.8708  5.41842 4.71429
14.3051   14.1206   99.8745  5.29828 4.71429
10.4037   10.2694   99.8714  5.22255 4.71429
8.17435   8.06884   99.8708  5.29148 4.71429
6.73182   6.64509   99.8745  6.15844 4.71429
4.90461   4.84155   99.8708  5.33084 4.71429
3.85756   3.80803   99.8722  5.42096 4.71429
3.17891   3.13807   99.8671  5.93101 4.71429
2.41777   2.38662   99.8544  6.73052 4.71429
1.9507   1.92579   99.8736  5.49125 4.71429
1.63487   1.61385   99.8708  8.12973 4.71429
1.40706   1.38902   99.8749  7.53002 4.71429
1.23497   1.21924   99.8575  6.85051 4.71429
1.10039   1.08645   99.872  6.17113 4.71429
0.992262   0.979777   99.8935  5.49111 4.71429
0.903481   0.892158   99.8831  9.32724 4.71429
0.829282   0.818585   99.8302  12.4087 4.71429
0.766345   0.75648   99.8163  12.4088 4.71429
0.712288   0.703145   99.8517  12.4089 4.71429
0.665354   0.656848   99.8413  12.4087 4.71429
0.624223   0.61628   99.8308  11.9291 4.71429
0.587881   0.580417   99.8204  12.4095 4.71429
0.555538   0.548507   99.8733  12.409 4.71429
0.526569   0.519914   99.7995  12.4104 4.71429
0.50047   0.49417   99.789  12.4091 4.71429
0.476837   0.470837   99.7786  12.3293 4.71429
