#App rate  good put   received rate	ulpdcp	ulrlc
36.3305   16.6545   46.3824  882.222 4.71429
31.3537   16.6545   53.7443  875.863 4.71429
24.611   16.6545   68.4689  854.242 4.71429
22.2215   16.6545   75.8315  833.52 4.71429
20.255   16.6545   83.1928  794.49 4.71429
18.6083   16.6545   90.5556  693.581 4.71429
17.2092   16.6545   97.9171  199.861 4.71429
16.0057   15.799   99.8724  5.52481 4.71429
14.9596   14.7665   99.8729  5.39072 4.71429
14.0418   13.8606   99.8721  5.26693 4.71429
10.2638   10.1312   99.8731  5.21797 4.71429
8.0877   7.98357   99.8737  5.28099 4.71429
6.67294   6.58697   99.8734  6.50081 4.71429
4.87328   4.81058   99.8699  5.43022 4.71429
3.83815   3.78889   99.8807  5.43039 4.71429
3.16572   3.12503   99.8665  5.92427 4.71429
2.41013   2.37906   99.8685  6.73178 4.71429
1.94572   1.92092   99.8733  5.54659 4.71429
1.63137   1.61037   99.8705  8.22029 4.71429
1.40447   1.38651   99.8747  7.54057 4.71429
1.37329   1.35575   99.8718  6.93037 4.71429
1.20888   1.19348   99.8544  6.73064 4.71429
1.07963   1.06598   99.8696  6.05114 4.71429
0.975349   0.96307   99.8917  5.65038 4.71429
0.889437   0.878292   99.8416  10.2469 4.71429
0.858307   0.847254   99.8359  11.9261 4.71429
0.791066   0.780889   99.822  12.4091 4.71429
0.733596   0.724179   99.8081  12.4091 4.71429
0.68391   0.675159   99.8456  12.4103 4.71429
0.640528   0.632352   99.8352  12.4092 4.71429
0.624223   0.61628   99.8308  11.9291 4.71429
0.587881   0.580417   99.8204  12.4095 4.71429
0.555538   0.548507   99.8733  12.409 4.71429
0.526569   0.519914   99.7995  12.4104 4.71429
0.50047   0.49417   99.789  12.4091 4.71429
0.476837   0.470837   99.7786  12.3293 4.71429
